10

Wiersz 1
1.00 0.00 0.00 0.00 0.00 -0.00 0.00 0.00 -0.00 0.00 5.00 
Wiersz 2
0.00 1.00 0.00 0.00 0.00 0.00 0.00 -0.00 -0.00 0.00 2.00 
Wiersz 3
0.00 0.00 1.00 -0.00 0.00 -0.00 0.00 0.00 -0.00 0.00 4.00 
Wiersz 4
0.00 0.00 0.00 1.00 0.00 -0.00 0.00 0.00 -0.00 -0.00 2.00 
Wiersz 5
0.00 0.00 0.00 0.00 1.00 -0.00 0.00 -0.00 0.00 0.00 1.00 
Wiersz 6
0.00 0.00 0.00 0.00 0.00 1.00 0.00 -0.00 -0.00 0.00 4.00 
Wiersz 7
0.00 0.00 0.00 0.00 0.00 0.00 1.00 0.00 0.00 0.00 3.00 
Wiersz 8
0.00 0.00 0.00 -0.00 0.00 0.00 0.00 1.00 0.00 0.00 1.00 
Wiersz 9
-0.00 -0.00 -0.00 0.00 -0.00 -0.00 -0.00 -0.00 1.00 0.00 5.00 
Wiersz 10
0.00 0.00 0.00 0.00 0.00 -0.00 0.00 0.00 0.00 1.00 4.00 